   n  posicion pa  intervalo  valor    posicion mw  intervalo   valor       retar  n    posi-qrs  paciente = 100    

   frecuencia de muestreo = 360

     1           76            293        7.148            90            294        7.333           14        1            76
     2          369            293       10.000           384            291       10.000           15        2           369
     3          662            284        9.020           675            283        9.326           13        3           661
     4          946            284        8.481           958            287        8.774           12        4           945
     5         1230            284        8.004          1245            283        7.498           15        5          1230
     6         1514            295        8.504          1528            294        8.289           14        6          1514
     7         1809            235        9.062          1822            234        9.372           13        7          1808
     8         2044            358        8.616          2056            362        8.712           12        8          2043
     9         2402            303        9.478          2418            300        9.614           16        9          2402
    10         2705            292        8.904          2718            293        9.057           13       10          2705
    11         2997            285        8.581          3011            285        8.625           14       11          2996
    12         3282            277        8.096          3296            277        7.736           14       12          3281
    13         3559            303        7.971          3573            302        7.539           14       13          3558
    14         3862            308        8.987          3875            305        9.063           13       14          3861
    15         4170            295        8.519          4180            299        8.720           10       15          4169
    16         4465            299        8.125          4479            300        7.732           14       16          4465
    17         4764            296        8.822          4779            294        8.486           15       17          4763
    18         5060            286        8.674          5073            287        8.745           13       18          5059
    19         5346            287        7.819          5360            285        7.569           14       19          5345
    20         5633            285       10.467          5645            287       10.459           12       20          5632
    21         5918            296        8.481          5932            296        8.775           14       21          5917
    22         6214            312        9.400          6228            312       10.094           14       22          6213
    23         6526            297        8.881          6540            296        8.789           14       23          6526
    24         6823            282        8.549          6836            283        8.676           13       24          6822
    25         7105            286        8.989          7119            283        9.214           14       25          7105
    26         7391            278       11.048          7402            281       11.246           11       26          7390
    27         7669            283        8.405          7683            283        8.552           14       27          7668
    28         7952            293        9.001          7966            291        8.980           14       28          7952
    29         8245            293        9.804          8257            295        9.994           12       29          8245
    30         8538            299        8.940          8552            299        9.230           14       30          8538
    31         8837            304        8.104          8851            305        8.410           14       31          8836
    32         9141            290        9.060          9156            289        9.656           15       32          9140
    33         9431            278       11.391          9445            278       13.240           14       33          9430
    34         9709            288        8.705          9723            287        8.585           14       34          9709
    35         9997            284        8.240         10010            285        8.174           13       35          9997
    36        10281            309        9.354         10295            306        9.505           14       36         10281
    37        10590            304        9.870         10601            308       10.603           11       37         10590
    38        10894            297        9.392         10909            297       10.138           15       38         10893
    39        11191            289        8.197         11206            288        8.403           15       39         11190
    40        11480            300        8.919         11494            299        9.535           14       40         11479
    41        11780            285       10.487         11793            287       11.428           13       41         11780
    42        12065            284        8.146         12080            282        7.885           15       42         12065
    43        12349            295        9.500         12362            296        9.230           13       43         12349
    44        12644            305        9.143         12658            304        9.259           14       44         12644
    45        12949            317       10.065         12962            314       10.941           13       45         12948
    46        13266            295        8.707         13276            300        8.733           10       46         13265
    47        13561            280        8.411         13576            281        8.254           15       47         13561
    48        13841            289        9.259         13857            287       10.077           16       48         13841
    49        14130            292        9.109         14144            291        9.225           14       49         14130
    50        14422            288        8.028         14435            289        7.570           13       50         14421
    51        14710            300        8.351         14724            299        8.348           14       51         14709
    52        15010            299        9.205         15023            300        9.193           13       52         15010
    53        15309            297        8.890         15323            298        8.789           14       53         15309
    54        15606            293        8.386         15621            292        7.978           15       54         15606
    55        15899            283        8.460         15913            285        8.203           14       55         15898
    56        16182            282       10.800         16198            280       11.554           16       56         16182
    57        16464            290       10.740         16478            290       11.804           14       57         16463
    58        16754            303        8.339         16768            303        8.008           14       58         16754
    59        17057            300        8.874         17071            299        8.752           14       59         17057
    60        17357            299        9.225         17370            301        9.378           13       60         17357
    61        17656            290       11.516         17671            289       12.086           15       61         17656
    62        17946            280        8.231         17960            279        7.819           14       62         17946
    63        18226            287        9.078         18239            285        8.548           13       63         18226
    64        18513            282        8.657         18524            283        7.987           11       64         18513
    65        18795            285        8.800         18807            287        7.938           12       65         18794
    66        19080            307        8.540         19094            306        8.437           14       66         19079
    67        19387            305        9.837         19400            305        9.994           13       67         19387
    68        19692            297       10.088         19705            297        9.935           13       68         19692
    69        19989            282        7.701         20002            282        7.515           13       69         19988
    70        20271            282        8.429         20284            283        8.258           13       70         20270
    71        20553            284        9.224         20567            283        9.074           14       71         20553
    72        20837            294        8.617         20850            295        8.311           13       72         20836
    73        21131            292        8.316         21145            293        8.189           14       73         21130
    74        21423            305        9.349         21438            303        9.911           15       74         21422
    75        21728            301        9.108         21741            301        9.107           13       75         21728
    76        22029            291        8.719         22042            294        8.469           13       76         22028
    77        22320            282        8.049         22336            279        7.614           16       77         22320
    78        22602            278        8.588         22615            279        8.398           13       78         22601
    79        22880            283        8.950         22894            283        8.872           14       79         22880
    80        23163            290        8.237         23177            290        7.802           14       80         23162
    81        23453            303        8.823         23467            303        8.503           14       81         23452
    82        23756            296        8.956         23770            297        9.161           14       82         23755
    83        24052            293        9.690         24067            291       10.138           15       83         24052
    84        24345            280        8.229         24358            281        7.840           13       84         24344
    85        24625            288        8.336         24639            287        8.188           14       85         24624
    86        24913            284       12.028         24926            284       13.770           13       86         24912
    87        25197            287        8.671         25210            288        8.788           13       87         25196
    88        25484            295        8.775         25498            296        8.338           14       88         25484
    89        25779            309       10.173         25794            304       10.311           15       89         25779
    90        26088            298        9.477         26098            302        9.876           10       90         26087
    91        26386            284        8.850         26400            284        8.522           14       91         26385
    92        26670            281        8.256         26684            281        8.102           14       92         26669
    93        26951            286        9.575         26965            286       10.222           14       93         26951
    94        27237            298        9.411         27251            299       10.248           14       94         27236
    95        27535            297        8.528         27550            299        7.856           15       95         27535
    96        27832            299       10.105         27849            294       10.101           17       96         27832
    97        28131            299       10.194         28143            301       10.467           12       97         28131
    98        28430            296        9.529         28444            295        9.859           14       98         28430
    99        28726            288        8.391         28739            286        8.026           13       99         28725
   100        29014            279        8.315         29025            282        7.748           11      100         29013
   101        29293            287        9.004         29307            286        9.137           14      101         29293
   102        29580            292       10.815         29593            294       11.897           13      102         29579
   103        29872            309       10.022         29887            308       10.245           15      103         29872
   104        30181            305        9.174         30195            305        8.984           14      104         30181
   105        30486            293        9.766         30500            292        9.996           14      105         30486
   106        30779            285        8.357         30792            285        8.311           13      106         30778
   107        31064            284        8.834         31077            284        8.708           13      107         31064
   108        31348            287        9.080         31361            287        9.405           13      108         31347
   109        31635            292        9.766         31648            292        9.809           13      109         31635
   110        31927            296        9.567         31940            296        9.373           13      110         31927
   111        32223            306       10.025         32236            305       10.146           13      111         32223
   112        32529            307       12.161         32541            308       13.434           12      112         32529
   113        32836            290        9.625         32849            290       10.492           13      113         32835
   114        33126            277       10.023         33139            277       10.165           13      114         33126
   115        33403            287        8.811         33416            287        8.945           13      115         33402
   116        33690            290       11.453         33703            287       12.378           13      116         33690
   117        33980            293        8.665         33990            298        7.821           10      117         33979
   118        34273            301        9.505         34288            300        9.459           15      118         34273
   119        34574            295       10.255         34588            295       10.854           14      119         34574
   120        34869            298        9.468         34883            299        9.582           14      120         34869
   121        35167            287        9.059         35182            286        9.046           15      121         35167
   122        35454            281        8.905         35468            282        8.783           14      122         35454
   123        35735            280        9.884         35750            280       10.194           15      123         35735
   124        36015            294        9.112         36030            292        9.224           15      124         36015
   125        36309            295       10.825         36322            297       11.200           13      125         36308
   126        36604            311        9.584         36619            309        9.838           15      126         36604
   127        36915            299        9.819         36928            301       10.115           13      127         36915
   128        37214            285        8.861         37229            284        8.608           15      128         37214
   129        37499            283        8.330         37513            283        8.102           14      129         37498
   130        37782            288        9.144         37796            287        9.229           14      130         37781
   131        38070            285        9.355         38083            287        9.304           13      131         38070
   132        38355            296        8.607         38370            292        8.240           15      132         38355
   133        38651            299        9.360         38662            301        9.099           11      133         38650
   134        38950            301        8.764         38963            300        9.028           13      134         38949
   135        39251            296        9.287         39263            297        8.817           12      135         39251
   136        39547            278        8.623         39560            278        7.797           13      136         39546
   137        39825            270        8.115         39838            270        8.376           13      137         39824
   138        40095            286        8.957         40108            286        8.706           13      138         40095
   139        40381            295        8.914         40394            295        8.843           13      139         40381
   140        40676            293        8.683         40689            295        8.000           13      140         40676
   141        40969            301        8.801         40984            298        8.840           15      141         40969
   142        41270            296       10.602         41282            297       10.339           12      142         41270
   143        41566            282        8.477         41579            284        8.021           13      143         41566
   144        41848            267        8.572         41863            267        8.405           15      144         41848
   145        42115            300        9.046         42130            298        8.941           15      145         42115
   146        42415            281       10.822         42428            282       11.676           13      146         42415
   147        42696            299       10.917         42710            301       11.369           14      147         42696
   148        42995            311        9.428         43011            307        9.602           16      148         42995
   149        43306            296        9.502         43318            298        9.432           12      149         43306
   150        43602            289        9.170         43616            289        9.069           14      150         43602
   151        43891            280        9.849         43905            279       10.079           14      151         43891
   152        44171            283        8.340         44184            283        8.182           13      152         44171
   153        44454            288        9.731         44467            288        9.937           13      153         44454
   154        44742            287        9.263         44755            287        9.107           13      154         44742
   155        45029            293        8.670         45042            293        8.189           13      155         45029
   156        45322            305        8.786         45335            304        8.403           13      156         45322
   157        45627            296        9.645         45639            297        9.510           12      157         45627
   158        45923            280        8.057         45936            279        7.447           13      158         45923
   159        46203            274        8.298         46215            277        8.286           12      159         46203
   160        46477            282       10.353         46492            279       10.943           15      160         46477
   161        46759            277        7.633         46771            280        7.099           12      161         46758
   162        47036            297        8.685         47051            295        8.507           15      162         47036
   163        47333            298        9.104         47346            295        8.473           13      163         47333
   164        47631            287       11.029         47641            291       10.404           10      164         47631
   165        47918            283       10.072         47932            284        9.848           14      165         47918
   166        48201            283        8.504         48216            281        7.939           15      166         48201
   167        48484            280        8.603         48497            281        8.191           13      167         48484
   168        48764            275        9.042         48778            274        8.979           14      168         48764
   169        49039            283        8.889         49052            285        8.384           13      169         49039
   170        49322            295        9.365         49337            293        9.259           15      170         49322
   171        49617            305        9.685         49630            305        9.303           13      171         49617
   172        49922            291        9.350         49935            292        9.107           13      172         49922
   173        50213            277        9.287         50227            279        9.089           14      173         50213
   174        50490            280        8.307         50506            279        8.205           16      174         50490
   175        50770            285        9.469         50785            284        9.249           15      175         50770
   176        51055            283        8.686         51069            282        8.502           14      176         51055
   177        51338            287        8.939         51351            286        8.154           13      177         51338
   178        51625            295        8.957         51637            296        8.744           12      178         51625
   179        51920            295        9.658         51933            295        9.422           13      179         51920
   180        52215            290        8.938         52228            291        8.667           13      180         52215
   181        52505            278        8.164         52519            278        7.637           14      181         52505
   182        52783            278        8.416         52797            280        8.054           14      182         52783
   183        53061            279        8.934         53077            275        8.653           16      183         53061
   184        53340            290        8.222         53352            292        7.522           12      184         53340
   185        53630            292        8.748         53644            292        8.381           14      185         53630
   186        53922            296        9.157         53936            295        8.684           14      186         53922
   187        54218            288        9.294         54231            290        8.595           13      187         54218
   188        54506            277        8.579         54521            278        7.625           15      188         54506
   189        54783            280        8.816         54799            278        8.722           16      189         54783
   190        55063            279        8.770         55077            278        8.204           14      190         55063
   191        55342            282        8.733         55355            282        8.226           13      191         55342
   192        55624            283       10.527         55637            283        9.627           13      192         55624
   193        55907            299        8.316         55920            299        7.752           13      193         55907
   194        56206            295        9.509         56219            294        8.479           13      194         56206
   195        56501            283        9.336         56513            284        8.788           12      195         56501
   196        56784            270       10.787         56797            271       10.642           13      196         56784
   197        57054            278        8.358         57068            277        8.032           14      197         57054
   198        57332            282        9.714         57345            280        9.675           13      198         57332
   199        57614            285        8.552         57625            289        8.018           11      199         57614
   200        57899            292       10.325         57914            291       10.146           15      200         57899
   201        58191            298        9.179         58205            296        8.700           14      201         58191
   202        58489            298        9.136         58501            299        8.448           12      202         58489
   203        58787            289        8.703         58800            290        7.802           13      203         58787
   204        59076            277        8.193         59090            277        7.521           14      204         59076
   205        59353            277        8.675         59367            279        8.023           14      205         59353
   206        59630            288        8.955         59646            285        8.412           16      206         59630
   207        59918            295        8.012         59931            296        7.181           13      207         59918
   208        60213            302        9.969         60227            301        9.771           14      208         60213
   209        60515            301       10.892         60528            302       10.537           13      209         60515
   210        60816            288        9.022         60830            288        8.413           14      210         60816
   211        61104            286        8.116         61118            287        7.256           14      211         61104
   212        61390            288        8.210         61405            287        7.426           15      212         61390
   213        61678            284        8.679         61692            283        8.286           14      213         61678
   214        61962            284        9.434         61975            287        8.964           13      214         61962
   215        62246            300        9.128         62262            300        8.795           16      215         62246
   216        62546            304        9.432         62562            301        9.171           16      216         62546
   217        62850            303        8.936         62863            304        8.524           13      217         62850
   218        63153            284       11.281         63167            285       11.048           14      218         63153
   219        63437            273        7.717         63452            272        7.136           15      219         63437
   220        63710            287        7.999         63724            287        7.254           14      220         63710
   221        63997            290        9.147         64011            290        8.941           14      221         63997
   222        64287            293        8.047         64301            291        7.606           14      222         64287
   223        64580            294        8.960         64592            296        8.639           12      223         64580
   224        64874            299        8.975         64888            298        8.770           14      224         64874
   225        65173            290        8.494         65186            290        7.875           13      225         65173
   226        65463            286        8.108         65476            288        7.596           13      226         65463
   227        65749            280        8.268         65764            278        8.033           15      227         65749
   228        66029            277       11.476         66042            279       11.410           13      228         66029
   229        66306            297        8.961         66321            296        9.006           15      229         66306
   230        66603            188        8.384         66617            189        7.829           14      230         66603
   231        66791            338        9.920         66806            336        9.385           15      231         66791
   232        67129            304        8.927         67142            304        8.376           13      232         67129
   233        67433            294       10.230         67446            294       10.130           13      233         67433
   234        67727            279        8.932         67740            282        8.534           13      234         67727
   235        68006            295        8.819         68022            291        8.923           16      235         68006
   236        68301            292        9.444         68313            292        9.258           12      236         68301
   237        68593            292        9.008         68605            293        8.686           12      237         68593
   238        68885            304        8.638         68898            305        8.060           13      238         68885
   239        69189            314        8.974         69203            312        8.359           14      239         69189
   240        69503            292       10.343         69515            293       10.754           12      240         69503
   241        69795            278        8.336         69808            279        7.707           13      241         69795
   242        70073            283        8.156         70087            281        8.161           14      242         70072
   243        70356            285        8.757         70368            289        8.476           12      243         70356
   244        70641            299        8.841         70657            297        8.758           16      244         70641
   245        70940            299        8.405         70954            298        7.814           14      245         70940
   246        71239            299        8.820         71252            301        8.671           13      246         71239
   247        71538            306        9.205         71553            305        9.217           15      247         71538
   248        71844            293        9.366         71858            291        9.518           14      248         71844
   249        72137            279        7.969         72149            282        7.641           12      249         72137
   250        72416            286        8.328         72431            287        8.182           15      250         72416
   251        72702            295       10.629         72718            291       11.556           16      251         72702
   252        72997            303        8.435         73009            306        8.387           12      252         72997
   253        73300            310        8.525         73315            305        8.205           15      253         73300
   254        73610            301        8.718         73620            301        8.635           10      254         73610
   255        73911            283       10.634         73921            287       11.406           10      255         73911
   256        74194            288        8.815         74208            290        8.657           14      256         74194
   257        74482            284        8.285         74498            281        7.881           16      257         74482
   258        74766            219        8.692         74779            219        8.772           13      258         74766
   259        74985            346        9.497         74998            348        9.934           13      259         74985
   260        75331            300        8.803         75346            298        8.274           15      260         75331
   261        75631            303        8.333         75644            302        8.248           13      261         75631
   262        75934            298       10.326         75946            300       10.075           12      262         75934
   263        76232            282        9.183         76246            282        9.469           14      263         76232
   264        76514            270        8.365         76528            271        7.935           14      264         76514
   265        76784            289        8.344         76799            287        8.338           15      265         76784
   266        77073            292        9.298         77086            293        9.273           13      266         77073
   267        77365            298       10.553         77379            297       10.766           14      267         77365
   268        77663            290        7.895         77676            291        7.636           13      268         77662
   269        77953            297        8.621         77967            298        8.735           14      269         77953
   270        78250            288        9.348         78265            287        9.539           15      270         78250
   271        78538            285        8.804         78552            287        8.891           14      271         78538
   272        78823            276       10.066         78839            273       10.639           16      272         78823
   273        79099            286        8.506         79112            286        8.473           13      273         79098
   274        79385            303        9.253         79398            303        9.297           13      274         79385
   275        79688            302        8.936         79701            304        8.711           13      275         79688
   276        79990            299        8.358         80005            299        8.166           15      276         79990
   277        80289            293        8.714         80304            290        8.987           15      277         80289
   278        80582            285        8.959         80594            286        8.782           12      278         80582
   279        80867            284        8.141         80880            285        7.741           13      279         80867
   280        81151            287       10.370         81165            287       11.071           14      280         81151
   281        81438            291       10.620         81452            291       11.432           14      281         81438
   282        81729            300        9.732         81743            301       10.205           14      282         81729
   283        82029            305        8.452         82044            304        8.282           15      283         82029
   284        82334            301       10.470         82348            302       10.977           14      284         82334
   285        82635            291        9.113         82650            289        8.993           15      285         82635
   286        82926            282        9.364         82939            284        9.170           13      286         82926
   287        83208            283        7.907         83223            282        7.445           15      287         83208
   288        83491            302        8.445         83505            303        8.692           14      288         83491
   289        83793            309        9.380         83808            306        9.490           15      289         83793
   290        84102            304        8.547         84114            306        8.393           12      290         84102
   291        84406            302        8.503         84420            300        8.131           14      291         84406
   292        84708            301        9.128         84720            303        9.150           12      292         84708
   293        85009            293        8.908         85023            290        9.122           14      293         85009
   294        85302            277        8.154         85313            280        7.838           11      294         85302
   295        85579            290        8.327         85593            290        8.712           14      295         85579
   296        85869            301        8.985         85883            301        9.080           14      296         85869
   297        86170            307        8.499         86184            308        8.171           14      297         86170
   298        86477            302        8.240         86492            302        8.032           15      298         86477
   299        86779            299        9.401         86794            298        9.967           15      299         86779
   300        87078            285       11.950         87092            284       13.572           14      300         87078
   301        87363            288        8.501         87376            290        8.338           13      301         87363
   302        87651            289        8.635         87666            287        8.919           15      302         87651
   303        87940            291        9.516         87953            291        9.698           13      303         87940
   304        88231            298        8.704         88244            299        8.686           13      304         88231
   305        88529            304        8.659         88543            302        8.713           14      305         88529
   306        88833            302        8.890         88845            302        8.904           12      306         88833
   307        89135            285       10.008         89147            288       10.032           12      307         89135
   308        89420            282        7.845         89435            282        7.634           15      308         89420
   309        89702            285        8.313         89717            282        8.339           15      309         89702
   310        89987            298        9.170         89999            300        9.587           12      310         89987
   311        90285            304        8.678         90299            303        8.617           14      311         90285
   312        90589            294        8.274         90602            296        8.109           13      312         90589
   313        90883            306        8.890         90898            304        8.806           15      313         90883
   314        91189            291        8.977         91202            291        9.121           13      314         91189
   315        91480            280        8.787         91493            282        8.250           13      315         91480
   316        91760            285        7.997         91775            284        8.024           15      316         91760
   317        92045            292       10.660         92059            290       11.659           14      317         92045
   318        92337            295        8.572         92349            297        8.831           12      318         92337
   319        92632            311        9.271         92646            312        9.356           14      319         92632
   320        92943            302        8.368         92958            300        8.439           15      320         92943
   321        93245            288        8.925         93258            288        9.094           13      321         93245
   322        93533            290        8.528         93546            289        8.497           13      322         93533
   323        93823            278        7.771         93835            281        7.583           12      323         93823
   324        94101            293        8.067         94116            291        8.117           15      324         94101
   325        94394            298       11.900         94407            298       12.788           13      325         94394
   326        94692            303        8.212         94705            304        8.267           13      326         94692
   327        94995            302        9.846         95009            302       10.145           14      327         94995
   328        95297            308        8.414         95311            309        8.396           14      328         95297
   329        95605            287        9.196         95620            287        9.593           15      329         95605
   330        95892            277        8.029         95907            276        7.948           15      330         95892
   331        96169            280        7.619         96183            281        7.560           14      331         96169
   332        96449            296        8.216         96464            291        8.073           15      332         96449
   333        96745            304       10.296         96755            307       10.480           10      333         96745
   334        97049            298        7.961         97062            299        7.493           13      334         97049
   335        97347            296        7.878         97361            295        7.502           14      335         97347
   336        97643            292        8.099         97656            292        8.230           13      336         97643
   337        97935            292        9.014         97948            292        8.913           13      337         97935
   338        98227            280        7.685         98240            282        7.513           13      338         98227
   339        98507            281        7.847         98522            279        7.709           15      339         98507
   340        98788            295        8.398         98801            295        8.450           13      340         98788
   341        99083            229       10.421         99096         -99096       10.886           13      341         99083
   342        99312         -99312        0.673             0              0        0.000       -99312      342             0
 RMAX =       1.000   Factor d'escala senyal
 PA_RMAX =  167589.703   Factor d'escala senyal    passa_alt
 PB_RMAX =     271.431   Factor d'escala senyal    passa_baix
