   n  posicion  databas

   frecuencia de muestreo = 360
     posicion en milisegundos

     1            222.
     2           1000.
     3           1791.
     4           2475.
     5           3313.
     6           4113.
     7           4936.
     8           5752.
     9           6483.
    10           7341.
    11           8163.
    12           8861.
    13           9775.
    14          10641.
    15          11411.
    16          12233.
    17          13025.
    18          13816.
    19          14538.
    20          15472.
    21          16363.
    22          17200.
    23          18005.
    24          18819.
    25          19527.
    26          20361.
    27          21133.
    28          21925.
    29          22775.
    30          23552.
    31          24336.
    32          25116.
    33          25813.
    34          26675.
    35          27541.
    36          28319.
    37          29205.
    38          29947.
    39          30755.
    40          31541.
    41          32333.
    42          33075.
    43          34000.
    44          34850.
    45          35608.
    46          36455.
    47          37233.
    48          37977.
    49          38777.
    50          39586.
    51          40416.
    52          41294.
    53          42044.
    54          42838.
    55          43630.
    56          44333.
    57          45202.
    58          46027.
    59          46830.
    60          47627.
    61          48369.
    62          49219.
    63          49988.
    64          50705.
    65          51591.
    66          52388.
    67          53202.
    68          53988.
    69          54755.
    70          55555.
    71          56336.
    72          57063.
    73          57994.
    74          58805.
    75          59602.
    76          60375.
    77          61227.
    78          61955.
    79          62733.
    80          63638.
    81          64450.
    82          65205.
    83          66072.
    84          66897.
    85          67630.
    86          68422.
    87          69222.
    88          70047.
    89          70930.
    90          71680.
    91          72569.
    92          73330.
    93          74111.
    94          74961.
    95          75775.
    96          76675.
    97          77483.
    98          78302.
    99          79047.
   100          79908.
   101          80686.
   102          81508.
   103          82397.
   104          83202.
   105          83969.
   106          84844.
   107          85622.
   108          86358.
   109          87213.
   110          88033.
   111          88836.
   112          89652.
   113          90463.
   114          91180.
   115          92016.
   116          92750.
   117          93605.
   118          94425.
   119          95250.
   120          96086.
   121          96936.
   122          97750.
   123          98563.
   124          99444.
   125         100336.
   126         101202.
   127         102061.
   128         102936.
   129         103661.
   130         104536.
   131         105438.
   132         106330.
   133         107227.
   134         108091.
   135         108944.
   136         109786.
   137         110602.
   138         111494.
   139         112397.
   140         113255.
   141         113994.
   142         114891.
   143         115733.
   144         116505.
   145         117411.
   146         118261.
   147         119061.
   148         119933.
   149         120738.
   150         121505.
   151         122347.
   152         123161.
   153         123997.
   154         124883.
   155         125661.
   156         126466.
   157         127302.
   158         128030.
   159         128816.
   160         129666.
   161         130491.
   162         131288.
   163         132077.
   164         132816.
   165         133605.
   166         134377.
   167         135125.
   168         136008.
   169         136766.
   170         137563.
   171         138350.
   172         139127.
   173         139966.
   174         140708.
   175         141550.
   176         142391.
   177         143233.
   178         143997.
   179         144880.
   180         145650.
   181         146402.
   182         147322.
   183         148136.
   184         148986.
   185         149786.
   186         150652.
   187         151380.
   188         152255.
   189         153077.
   190         153883.
   191         154783.
   192         155600.
   193         156430.
   194         157227.
   195         158061.
   196         158808.
   197         159663.
   198         160527.
   199         161369.
   200         162150.
   201         163011.
   202         163752.
   203         164569.
   204         165408.
   205         166258.
   206         167025.
   207         167908.
   208         168655.
   209         169516.
   210         170261.
   211         171086.
   212         171905.
   213         172752.
   214         173558.
   215         174427.
   216         175211.
   217         175994.
   218         176852.
   219         177655.
   220         178580.
   221         179438.
   222         180294.
   223         181125.
   224         181980.
   225         182822.
   226         183702.
   227         184508.
   228         185413.
   229         186269.
   230         187013.
   231         187908.
   232         188647.
   233         189494.
   234         190394.
   235         191227.
   236         192050.
   237         192872.
   238         193588.
   239         194452.
   240         195252.
   241         196083.
   242         196991.
   243         197791.
   244         198525.
   245         199386.
   246         200150.
   247         200941.
   248         201791.
   249         202608.
   250         203413.
   251         204286.
   252         205011.
   253         205866.
   254         206644.
   255         207391.
   256         208333.
   257         209255.
   258         210091.
   259         210883.
   260         211647.
   261         212444.
   262         213266.
   263         214116.
   264         214975.
   265         215725.
   266         216622.
   267         217386.
   268         218211.
   269         219091.
   270         219922.
   271         220836.
   272         221602.
   273         222511.
   274         223302.
   275         224069.
   276         224938.
   277         225716.
   278         226658.
   279         227508.
   280         228333.
   281         229058.
   282         229938.
   283         230761.
   284         231625.
   285         232483.
   286         233347.
   287         234072.
   288         234950.
   289         235700.
   290         236530.
   291         237366.
   292         238127.
   293         239058.
   294         239866.
   295         240636.
   296         241508.
   297         242255.
   298         243052.
   299         243958.
   300         244797.
   301         245538.
   302         246433.
   303         247269.
   304         248005.
   305         248861.
   306         249705.
   307         250550.
   308         251419.
   309         252202.
   310         252947.
   311         253822.
   312         254583.
   313         255402.
   314         256241.
   315         257100.
   316         257869.
   317         258611.
   318         259469.
   319         260205.
   320         261000.
   321         261775.
   322         262622.
   323         263486.
   324         264288.
   325         265055.
   326         265836.
   327         266580.
   328         267416.
   329         268247.
   330         269005.
   331         269883.
   332         270694.
   333         271433.
   334         272300.
   335         273055.
   336         273900.
   337         274747.
   338         275577.
 RMAX =       1.000   Factor d'escala senyal
 PA_RMAX =  121730.703   Factor d'escala senyal   passa_alt
 PB_RMAX =     232.044   Factor d'escala senyal   passa_baix
