   n  posicion  234    

   frecuencia de muestreo = 360
     posicion en milisegundos

     1            372.
     2           1013.
     3           1680.
     4           2333.
     5           3002.
     6           3683.
     7           4336.
     8           4983.
     9           5669.
    10           6355.
    11           7019.
    12           7661.
    13           8313.
    14           8961.
    15           9616.
    16          10286.
    17          10936.
    18          11569.
    19          12222.
    20          12902.
    21          13555.
    22          14186.
    23          14827.
    24          15475.
    25          16122.
    26          16766.
    27          17416.
    28          18069.
    29          18711.
    30          19369.
    31          20025.
    32          20677.
    33          21319.
    34          21966.
    35          22613.
    36          23275.
    37          23947.
    38          24588.
    39          25230.
    40          25891.
    41          26575.
    42          27233.
    43          27869.
    44          28513.
    45          29172.
    46          29836.
    47          30502.
    48          31138.
    49          31777.
    50          32422.
    51          33094.
    52          33738.
    53          34380.
    54          35019.
    55          35675.
    56          36311.
    57          36972.
    58          37625.
    59          38275.
    60          38911.
    61          39580.
    62          40244.
    63          40894.
    64          41530.
    65          42177.
    66          42816.
    67          43472.
    68          44141.
    69          44775.
    70          45408.
    71          46055.
    72          46741.
    73          47386.
    74          48019.
    75          48658.
    76          49319.
    77          49975.
    78          50636.
    79          51283.
    80          51933.
    81          52572.
    82          53250.
    83          53897.
    84          54544.
    85          55172.
    86          55813.
    87          56441.
    88          57088.
    89          57733.
    90          58369.
    91          58991.
    92          59636.
    93          60288.
    94          60930.
    95          61558.
    96          62197.
    97          62841.
    98          63494.
    99          64155.
   100          64791.
   101          65433.
   102          66066.
   103          66736.
   104          67372.
   105          68013.
   106          68641.
   107          69280.
   108          69905.
   109          70561.
   110          71213.
   111          71850.
   112          72469.
   113          73133.
   114          73797.
   115          74452.
   116          75075.
   117          75716.
   118          76358.
   119          77005.
   120          77675.
   121          78316.
   122          78950.
   123          79594.
   124          80263.
   125          80908.
   126          81544.
   127          82186.
   128          82844.
   129          83486.
   130          84138.
   131          84780.
   132          85427.
   133          86052.
   134          86711.
   135          87366.
   136          88011.
   137          88633.
   138          89272.
   139          89905.
   140          90561.
   141          91211.
   142          91844.
   143          92469.
   144          93105.
   145          93766.
   146          94408.
   147          95041.
   148          95666.
   149          96313.
   150          96952.
   151          97608.
   152          98258.
   153          98900.
   154          99530.
   155         100191.
   156         100850.
   157         101502.
   158         102127.
   159         102769.
   160         103397.
   161         104052.
   162         104705.
   163         105338.
   164         105972.
   165         106622.
   166         107297.
   167         107941.
   168         108580.
   169         109227.
   170         109877.
   171         110525.
   172         111177.
   173         111833.
   174         112480.
   175         113116.
   176         113780.
   177         114452.
   178         115108.
   179         115744.
   180         116388.
   181         117033.
   182         117688.
   183         118366.
   184         119005.
   185         119633.
   186         120280.
   187         120958.
   188         121608.
   189         122241.
   190         122872.
   191         123522.
   192         124169.
   193         124808.
   194         125450.
   195         126083.
   196         126694.
   197         127330.
   198         127991.
   199         128641.
   200         129283.
   201         129933.
   202         130580.
   203         131238.
   204         131902.
   205         132538.
   206         133180.
   207         133833.
   208         134511.
   209         135166.
   210         135811.
   211         136458.
   212         137116.
   213         137788.
   214         138461.
   215         139105.
   216         139752.
   217         140394.
   218         141072.
   219         141727.
   220         142380.
   221         143019.
   222         143677.
   223         144325.
   224         144991.
   225         145641.
   226         146288.
   227         146927.
   228         147605.
   229         148261.
   230         148911.
   231         149547.
   232         150191.
   233         150827.
   234         151480.
   235         152141.
   236         152780.
   237         153405.
   238         154058.
   239         154730.
   240         155369.
   241         155997.
   242         156636.
   243         157286.
   244         157941.
   245         158605.
   246         159250.
   247         159897.
   248         160533.
   249         161200.
   250         161847.
   251         162488.
   252         163119.
   253         163763.
   254         164394.
   255         165041.
   256         165691.
   257         166336.
   258         166963.
   259         167619.
   260         168288.
   261         168941.
   262         169575.
   263         170222.
   264         170872.
   265         171530.
   266         172197.
   267         172838.
   268         173486.
   269         174147.
   270         174827.
   271         175472.
   272         176102.
   273         176744.
   274         177391.
   275         178038.
   276         178702.
   277         179336.
   278         179980.
   279         180616.
   280         181288.
   281         181941.
   282         182591.
   283         183233.
   284         183886.
   285         184525.
   286         185188.
   287         185850.
   288         186500.
   289         187125.
   290         187780.
   291         188441.
   292         189091.
   293         189713.
   294         190352.
   295         190991.
   296         191638.
   297         192291.
   298         192925.
   299         193555.
   300         194194.
   301         194866.
   302         195511.
   303         196150.
   304         196780.
   305         197438.
   306         198072.
   307         198727.
   308         199375.
   309         200016.
   310         200638.
   311         201291.
   312         201952.
   313         202605.
   314         203230.
   315         203875.
   316         204522.
   317         205183.
   318         205852.
   319         206505.
   320         207161.
   321         207813.
   322         208486.
   323         209136.
   324         209780.
   325         210422.
   326         211069.
   327         211713.
   328         212361.
   329         213008.
   330         213650.
   331         214275.
   332         214936.
   333         215591.
   334         216244.
   335         216872.
   336         217519.
   337         218166.
   338         218838.
   339         219508.
   340         220150.
   341         220780.
   342         221444.
   343         222113.
   344         222763.
   345         223397.
   346         224044.
   347         224694.
   348         225347.
   349         226005.
   350         226652.
   351         227288.
   352         227930.
   353         228591.
   354         229250.
   355         229900.
   356         230547.
   357         231205.
   358         231844.
   359         232502.
   360         233172.
   361         233825.
   362         234461.
   363         235119.
   364         235791.
   365         236441.
   366         237069.
   367         237713.
   368         238358.
   369         239016.
   370         239688.
   371         240330.
   372         240977.
   373         241641.
   374         242330.
   375         243000.
   376         243644.
   377         244300.
   378         244963.
   379         245641.
   380         246319.
   381         246972.
   382         247625.
   383         248288.
   384         248975.
   385         249633.
   386         250283.
   387         250944.
   388         251611.
   389         252286.
   390         252966.
   391         253627.
   392         254294.
   393         254958.
   394         255655.
   395         256316.
   396         256972.
   397         257633.
   398         258300.
   399         258963.
   400         259638.
   401         260291.
   402         260944.
   403         261597.
   404         262283.
   405         262947.
   406         263597.
   407         264247.
   408         264913.
   409         265577.
   410         266247.
   411         266913.
   412         267566.
   413         268213.
   414         268880.
   415         269541.
   416         270183.
   417         270816.
   418         271463.
   419         272094.
   420         272733.
   421         273380.
   422         274008.
   423         274630.
   424         275266.
   425         275922.
 RMAX =       1.000   Factor d'escala senyal
 PA_RMAX =  221959.500   Factor d'escala senyal   passa_alt
 PB_RMAX =     291.804   Factor d'escala senyal   passa_baix
