   n  posicion pa  intervalo  valor    posicion mw  intervalo   valor       retar  n    posi-qrs  paciente = 234    

   frecuencia de muestreo = 360

     1          134            232        9.427           154            232        9.772           20        1           134
     2          366            240        9.963           386            240        9.815           20        2           365
     3          606            235        9.689           626            235       10.000           20        3           605
     4          841            241        9.774           861            241        9.786           20        4           840
     5         1082            244        9.624          1102            245        9.479           20        5          1081
     6         1326            236        9.348          1347            235        9.347           21        6          1326
     7         1562            232        8.977          1582            232        8.953           20        7          1561
     8         1794            248        9.963          1814            248        9.634           20        8          1794
     9         2042            247        9.633          2062            247        9.613           20        9          2041
    10         2289            238        9.208          2309            238        9.016           20       10          2288
    11         2527            232        9.186          2547            231        9.081           20       11          2527
    12         2759            234        9.910          2778            236        9.394           19       12          2758
    13         2993            233        9.704          3014            232        9.270           21       13          2993
    14         3226            237        9.260          3246            237        9.019           20       14          3226
    15         3463            241        9.521          3483            241        9.389           20       15          3462
    16         3704            234        9.906          3724            233        9.767           20       16          3703
    17         3938            228        9.477          3957            228        9.712           19       17          3937
    18         4166            234        9.415          4185            236        9.986           19       18          4165
    19         4400            245       10.135          4421            244       10.030           21       19          4400
    20         4645            235       10.412          4665            235       10.415           20       20          4645
    21         4880            227        9.901          4900            228        9.893           20       21          4880
    22         5107            231        9.403          5128            230        9.020           21       22          5107
    23         5338            234        9.698          5358            233        9.508           20       23          5338
    24         5572            232        9.100          5591            234        9.440           19       24          5571
    25         5804            232        9.137          5825            231        9.091           21       25          5804
    26         6036            235       10.346          6056            235       10.062           20       26          6036
    27         6271            234        9.991          6291            234        9.933           20       27          6270
    28         6505            231        9.664          6525            231        9.574           20       28          6505
    29         6736            237        9.551          6756            237        9.194           20       29          6736
    30         6973            237        9.651          6993            237        9.584           20       30          6973
    31         7210            235        9.242          7230            235        9.348           20       31          7209
    32         7445            231       10.056          7465            231        9.981           20       32          7444
    33         7676            233       10.038          7696            233       10.060           20       33          7675
    34         7909            233        9.841          7929            234        9.854           20       34          7908
    35         8142            238        9.677          8163            236        9.706           21       35          8141
    36         8380            241        9.261          8399            243        9.199           19       36          8379
    37         8621            231        9.629          8642            230        9.721           21       37          8621
    38         8852            232       10.422          8872            232       10.322           20       38          8852
    39         9084            238        9.979          9104            238       10.430           20       39          9083
    40         9322            245        9.846          9342            245        9.691           20       40          9321
    41         9567            237        9.437          9587            237        9.188           20       41          9567
    42         9804            230        9.376          9824            230        8.864           20       42          9804
    43        10034            232        8.943         10054            231        8.991           20       43         10033
    44        10266            236        9.277         10285            238        9.505           19       44         10265
    45        10502            239        9.309         10523            238        9.108           21       45         10502
    46        10741            240        9.080         10761            241        8.864           20       46         10741
    47        10981            229        9.402         11002            228        9.441           21       47         10981
    48        11210            231        9.893         11230            231        9.728           20       48         11210
    49        11441            232        9.743         11461            232        9.563           20       49         11440
    50        11673            242        9.880         11693            243        9.631           20       50         11672
    51        11915            232        9.741         11936            231        9.530           21       51         11914
    52        12147            231        9.114         12167            231        8.875           20       52         12146
    53        12378            230        9.193         12398            230        9.512           20       53         12377
    54        12608            236        9.200         12628            235        9.125           20       54         12607
    55        12844            228        9.121         12863            229        9.366           19       55         12843
    56        13072            238        9.817         13092            238        9.818           20       56         13072
    57        13310            236       10.591         13330            236       10.491           20       57         13310
    58        13546            234       10.159         13566            233       10.664           20       58         13545
    59        13780            229        9.708         13799            230       10.167           19       59         13779
    60        14009            240        9.841         14029            240       10.109           20       60         14008
    61        14249            239       10.071         14269            239        9.997           20       61         14249
    62        14488            235        9.800         14508            236       10.214           20       62         14488
    63        14723            228        9.510         14744            228        9.916           21       63         14722
    64        14951            234        9.986         14972            233       10.470           21       64         14951
    65        15185            230       10.198         15205            230       10.088           20       65         15184
    66        15415            236       10.249         15435            236       10.720           20       66         15414
    67        15651            240       10.052         15671            240       10.304           20       67         15650
    68        15891            229        9.768         15911            229       10.087           20       68         15891
    69        16120            228        9.831         16140            228       10.892           20       69         16119
    70        16348            233       10.079         16368            233       10.638           20       70         16347
    71        16581            246       10.453         16601            246       11.078           20       71         16580
    72        16827            233       10.313         16847            232       10.614           20       72         16827
    73        17060            228        9.754         17079            229       10.359           19       73         17059
    74        17288            230        9.807         17308            230       10.773           20       74         17287
    75        17518            237       10.459         17538            237       11.270           20       75         17517
    76        17755            236       10.770         17775            236       11.564           20       76         17755
    77        17991            239       10.978         18011            239       11.512           20       77         17991
    78        18230            233       10.242         18250            233       10.300           20       78         18229
    79        18463            234        9.853         18483            235       10.483           20       79         18462
    80        18697            229        9.205         18718            229        9.857           21       80         18696
    81        18926            244        9.635         18947            243        9.577           21       81         18926
    82        19170            233        9.806         19190            234        9.752           20       82         19170
    83        19403            234        9.785         19424            233        9.993           21       83         19403
    84        19637            225        9.220         19657            226        9.597           20       84         19636
    85        19862            231        9.565         19883            231        9.900           21       85         19862
    86        20093            227        9.674         20114            226        9.759           21       86         20093
    87        20320            233        9.511         20340            232        9.273           20       87         20319
    88        20553            232        9.462         20572            232        9.753           19       88         20552
    89        20785            228        9.289         20804            230        9.869           19       89         20784
    90        21013            224        9.656         21034            223        9.352           21       90         21013
    91        21237            232        9.322         21257            233        9.283           20       91         21237
    92        21469            235        9.629         21490            234        9.701           21       92         21469
    93        21704            232       10.129         21724            232       10.393           20       93         21704
    94        21936            225       10.449         21956            225       10.515           20       94         21935
    95        22161            231        9.973         22181            231       10.298           20       95         22161
    96        22392            231        9.265         22412            231        9.624           20       96         22391
    97        22623            235       10.172         22643            235       10.751           20       97         22623
    98        22858            239       10.548         22878            239       10.365           20       98         22858
    99        23097            228        9.777         23117            228        9.925           20       99         23096
   100        23325            232        8.718         23345            230        9.012           20      100         23325
   101        23557            228        9.246         23575            231        9.716           18      101         23556
   102        23785            241        9.806         23806            240        9.185           21      102         23784
   103        24026            228        9.416         24046            229        9.222           20      103         24025
   104        24254            231        8.833         24275            231        8.964           21      104         24254
   105        24485            227        8.582         24506            226        8.283           21      105         24485
   106        24712            230        8.975         24732            230        8.758           20      106         24711
   107        24942            225        9.410         24962            225        9.257           20      107         24941
   108        25167            235        9.373         25187            235        9.405           20      108         25166
   109        25402            235        8.889         25422            236        8.205           20      109         25402
   110        25637            230        8.344         25658            229        7.963           21      110         25637
   111        25867            223        8.809         25887            223        8.816           20      111         25866
   112        26090            239        8.851         26110            239        9.045           20      112         26089
   113        26329            239        9.119         26349            239        8.803           20      113         26328
   114        26568            235        9.513         26588            236        9.864           20      114         26567
   115        26803            225        9.209         26824            224        9.294           21      115         26803
   116        27028            231        9.633         27048            231        9.410           20      116         27027
   117        27259            230        9.155         27279            230        9.621           20      117         27258
   118        27489            234        9.291         27509            234        9.450           20      118         27489
   119        27723            240       10.172         27743            241       10.202           20      119         27722
   120        27963            231        9.687         27984            231        9.437           21      120         27963
   121        28194            228        9.938         28215            228        9.997           21      121         28194
   122        28422            232        9.087         28443            231        9.033           21      122         28422
   123        28654            242        9.238         28674            242        9.045           20      123         28654
   124        28896            231        9.097         28916            230        9.027           20      124         28895
   125        29127            230        8.989         29146            231        8.711           19      125         29127
   126        29357            230        8.596         29377            229        8.728           20      126         29356
   127        29587            238        9.206         29606            240        9.353           19      127         29587
   128        29825            230        8.961         29846            230        8.810           21      128         29824
   129        30055            236        9.384         30076            235        9.247           21      129         30055
   130        30291            231        8.833         30311            232        8.703           20      130         30290
   131        30522            232        9.163         30543            232        9.158           21      131         30521
   132        30754            226        9.342         30775            225        9.657           21      132         30754
   133        30980            236        9.324         31000            237        9.301           20      133         30979
   134        31216            236        9.305         31237            235        9.268           21      134         31216
   135        31452            232        9.912         31472            232        9.974           20      135         31452
   136        31684            225       10.217         31704            224       10.421           20      136         31684
   137        31909            229       10.016         31928            230       10.691           19      137         31908
   138        32138            228        9.521         32158            228        9.534           20      138         32138
   139        32366            236        9.222         32386            236        9.224           20      139         32366
   140        32602            234        9.449         32622            235        9.688           20      140         32602
   141        32836            229        9.761         32857            228       10.278           21      141         32836
   142        33065            225        9.860         33085            224        9.905           20      142         33064
   143        33290            229        9.750         33309            230       10.236           19      143         33289
   144        33519            237        9.750         33539            237       10.030           20      144         33518
   145        33756            231        9.114         33776            231        9.053           20      145         33756
   146        33987            229        9.313         34007            229        9.256           20      146         33987
   147        34216            224        9.856         34236            224       10.337           20      147         34215
   148        34440            234       10.149         34460            235       10.338           20      148         34440
   149        34674            230        9.546         34695            229       10.502           21      149         34673
   150        34904            236        9.490         34924            236        9.466           20      150         34903
   151        35140            233        9.491         35160            234        9.854           20      151         35139
   152        35373            231       10.195         35394            230       10.758           21      152         35373
   153        35604            227       10.082         35624            227       10.359           20      153         35604
   154        35831            238        9.743         35851            238        9.726           20      154         35831
   155        36069            238        9.661         36089            236       10.175           20      155         36069
   156        36307            234        9.465         36325            236        9.894           18      156         36306
   157        36541            226        9.922         36561            226       10.046           20      157         36541
   158        36767            230        9.413         36787            230        9.410           20      158         36766
   159        36997            227        9.360         37017            227        9.227           20      159         36997
   160        37224            235        9.450         37244            236        9.744           20      160         37223
   161        37459            235        9.630         37480            234        9.649           21      161         37459
   162        37694            229        9.835         37714            229        9.884           20      162         37694
   163        37923            227        9.158         37943            227        9.149           20      163         37922
   164        38150            235        9.449         38170            236        9.769           20      164         38150
   165        38385            242        9.491         38406            241        9.391           21      165         38384
   166        38627            233        9.694         38647            232        9.575           20      166         38627
   167        38860            229        9.503         38879            230        9.580           19      167         38859
   168        39089            233        9.182         39109            234        9.360           20      168         39089
   169        39322            235        9.518         39343            234        9.869           21      169         39322
   170        39557            232        9.085         39577            233        9.487           20      170         39556
   171        39789            235        9.638         39810            234        9.734           21      171         39789
   172        40024            236        9.788         40044            236       10.146           20      172         40024
   173        40260            233       10.171         40280            234       10.352           20      173         40260
   174        40493            229       10.088         40514            228       10.774           21      174         40493
   175        40722            239       10.175         40742            240       10.541           20      175         40722
   176        40961            242        9.851         40982            242        9.727           21      176         40961
   177        41203            236        9.563         41224            235        9.656           21      177         41203
   178        41439            229        9.415         41459            230        9.763           20      178         41439
   179        41668            232        9.650         41689            232        9.942           21      179         41668
   180        41900            232       10.305         41921            231       10.414           21      180         41900
   181        42132            236       10.147         42152            237       10.361           20      181         42132
   182        42368            244        9.778         42389            243        9.779           21      182         42368
   183        42612            230        9.609         42632            230        9.685           20      183         42612
   184        42842            226        9.269         42862            227        9.169           20      184         42842
   185        43068            233       10.117         43089            232       10.573           21      185         43068
   186        43301            244       10.438         43321            245       10.217           20      186         43301
   187        43545            234       10.216         43566            233       10.533           21      187         43545
   188        43779            228        9.763         43799            228        9.640           20      188         43779
   189        44007            227        9.376         44027            227        9.866           20      189         44007
   190        44234            234        9.997         44254            234       10.770           20      190         44234
   191        44468            233       10.335         44488            233       10.662           20      191         44468
   192        44701            230       10.474         44721            231       10.699           20      192         44701
   193        44931            231       10.580         44952            229       10.982           21      193         44931
   194        45162            228        8.943         45181            230        9.308           19      194         45162
   195        45390            220        8.667         45411            220        8.678           21      195         45390
   196        45610            229        9.551         45631            229        9.886           21      196         45610
   197        45839            238       10.221         45860            238        9.648           21      197         45839
   198        46077            234        9.758         46098            233        9.413           21      198         46077
   199        46311            231        9.647         46331            231        9.811           20      199         46311
   200        46542            234        9.176         46562            235        8.796           20      200         46542
   201        46776            233        8.997         46797            232        8.347           21      201         46776
   202        47009            237        9.042         47029            238        8.452           20      202         47009
   203        47246            239        8.735         47267            239        8.321           21      203         47246
   204        47485            230        8.567         47506            227        8.053           21      204         47485
   205        47715            230        8.465         47733            231        8.251           18      205         47714
   206        47945            235        9.155         47964            237        8.797           19      206         47945
   207        48180            244        9.756         48201            243        9.587           21      207         48180
   208        48424            236        9.627         48444            237        9.251           20      208         48424
   209        48660            232        9.316         48681            230        8.723           21      209         48660
   210        48892            233        8.972         48911            234        8.859           19      210         48892
   211        49125            237        9.207         49145            238        8.918           20      211         49125
   212        49362            242        9.285         49383            243        9.329           21      212         49362
   213        49604            242        9.203         49626            241        9.304           22      213         49604
   214        49846            232        9.631         49867            232        9.332           21      214         49846
   215        50078            233        9.705         50099            232        9.858           21      215         50078
   216        50311            231        9.457         50331            232        9.618           20      216         50311
   217        50542            244        9.423         50563            244        9.473           21      217         50542
   218        50786            236       10.017         50807            235        9.769           21      218         50786
   219        51022            235       10.080         51042            235        9.962           20      219         51022
   220        51257            230        9.643         51277            231       10.136           20      220         51257
   221        51487            237        9.493         51508            237        9.419           21      221         51487
   222        51724            233        9.017         51745            233        8.827           21      222         51724
   223        51957            240        9.077         51978            239        8.737           21      223         51957
   224        52197            234       10.010         52217            235        9.871           20      224         52197
   225        52431            233       10.218         52452            232       10.184           21      225         52431
   226        52664            230        9.943         52684            232       10.368           20      226         52664
   227        52894            244        9.953         52916            243       10.252           22      227         52894
   228        53138            236        9.259         53159            234        8.839           21      228         53138
   229        53374            234        9.072         53393            236        9.260           19      229         53374
   230        53608            229        9.632         53629            229        9.880           21      230         53608
   231        53837            232       10.374         53858            231       10.740           21      231         53837
   232        54069            229       10.314         54089            230       10.261           20      232         54069
   233        54298            235        9.802         54319            234       10.193           21      233         54298
   234        54533            238        9.830         54553            240        9.785           20      234         54533
   235        54771            230        9.344         54793            228        9.707           22      235         54771
   236        55001            225        8.987         55021            226        8.906           20      236         55001
   237        55226            235        9.220         55247            234        9.262           21      237         55226
   238        55461            242        9.671         55481            243        9.474           20      238         55461
   239        55703            230       10.095         55724            230       10.306           21      239         55703
   240        55933            226        9.696         55954            226        9.309           21      240         55933
   241        56159            230        9.689         56180            230        9.429           21      241         56159
   242        56389            234        9.015         56410            233        8.273           21      242         56389
   243        56623            236        8.779         56643            237        9.052           20      243         56623
   244        56859            239        9.052         56880            238        9.018           21      244         56859
   245        57098            232       10.074         57118            232        9.774           20      245         57098
   246        57330            233        9.663         57350            234        9.241           20      246         57330
   247        57563            229        9.452         57584            226        9.567           21      247         57563
   248        57792            240        9.059         57810            243        8.882           18      248         57792
   249        58032            233        9.797         58053            233        9.566           21      249         58032
   250        58265            231        9.143         58286            230        8.903           21      250         58265
   251        58496            227        9.137         58516            226        9.308           20      251         58496
   252        58723            232        9.513         58742            233       10.388           19      252         58723
   253        58955            227       10.455         58975            227       10.317           20      253         58955
   254        59182            233       10.066         59202            234        9.652           20      254         59182
   255        59415            234       10.035         59436            233       10.079           21      255         59415
   256        59649            232        9.805         59669            231       10.085           20      256         59649
   257        59881            226        9.184         59900            228        9.407           19      257         59881
   258        60107            236        9.577         60128            235        9.527           21      258         60107
   259        60343            241        9.851         60363            239        9.357           20      259         60343
   260        60584            235        9.505         60602            236        9.660           18      260         60584
   261        60819            228        9.316         60838            231        9.128           19      261         60819
   262        61047            233        8.785         61069            231        8.831           22      262         61047
   263        61280            234        9.632         61300            235        9.026           20      263         61280
   264        61514            237        9.455         61535            237        9.197           21      264         61514
   265        61751            240        9.036         61772            238        8.757           21      265         61751
   266        61991            231        8.861         62010            233        8.374           19      266         61991
   267        62222            233        9.466         62243            233        9.175           21      267         62222
   268        62455            238        9.062         62476            238        8.822           21      268         62455
   269        62693            245        8.760         62714            244        8.174           21      269         62693
   270        62938            232        8.822         62958            234        8.805           20      270         62938
   271        63170            227        9.482         63192            226        9.655           22      271         63170
   272        63397            231        9.821         63418            231        9.714           21      272         63397
   273        63628            233        9.594         63649            231        9.295           21      273         63628
   274        63861            233        9.644         63880            233        9.828           19      274         63861
   275        64094            239        9.646         64113            240        9.356           19      275         64094
   276        64333            228        9.481         64353            229        9.184           20      276         64333
   277        64561            232        8.531         64582            232        7.745           21      277         64561
   278        64793            229        9.080         64814            228        9.057           21      278         64793
   279        65022            242        9.282         65042            242        8.837           20      279         65022
   280        65264            235        9.712         65284            235        9.570           20      280         65264
   281        65499            234        9.191         65519            234        8.900           20      281         65499
   282        65733            231        8.697         65753            232        8.214           20      282         65733
   283        65964            235        8.911         65985            235        8.898           21      283         65964
   284        66199            230        9.436         66220            229        9.200           21      284         66199
   285        66429            239        9.525         66449            240        9.531           20      285         66429
   286        66668            238        9.323         66689            238        8.991           21      286         66668
   287        66906            234        8.942         66927            233        8.831           21      287         66906
   288        67140            225        9.065         67160            225        8.544           20      288         67140
   289        67365            236        9.001         67385            237        8.595           20      289         67365
   290        67601            238        9.512         67622            238        9.717           21      290         67601
   291        67839            234        9.589         67860            233        9.459           21      291         67839
   292        68073            224        9.686         68093            225        9.914           20      292         68073
   293        68297            230        9.495         68318            230        9.244           21      293         68297
   294        68527            230        9.465         68548            230        9.421           21      294         68527
   295        68757            233        9.431         68778            232        9.529           21      295         68757
   296        68990            235        9.132         69010            236        8.894           20      296         68990
   297        69225            228        9.185         69246            228        9.152           21      297         69225
   298        69453            227        9.635         69474            227        9.918           21      298         69453
   299        69680            230        9.796         69701            229        9.899           21      299         69680
   300        69910            242        9.710         69930            242        9.253           20      300         69910
   301        70152            232        9.260         70172            233        8.766           20      301         70152
   302        70384            230        9.293         70405            231        9.515           21      302         70384
   303        70614            227        9.054         70636            226        9.500           22      303         70614
   304        70841            237        9.884         70862            235        9.631           21      304         70841
   305        71078            228        9.878         71097            229        9.472           19      305         71078
   306        71306            236        9.523         71326            237        9.538           20      306         71306
   307        71542            233        9.743         71563            232       10.113           21      307         71542
   308        71775            231       10.090         71795            232        9.877           20      308         71775
   309        72006            224        8.564         72027            221        7.098           21      309         72006
   310        72230            235        6.119         72248            236        3.455           18      310         72230
   311        72465            238        4.589         72484            239        1.664           19      311         72465
   312        72703            235        6.615         72723            233        3.387           20      312         72703
   313        72938            225        6.561         72956            226        3.475           18      313         72938
   314        73163            232        6.071         73182            231        3.081           19      314         73163
   315        73395            233        6.148         73413            235        3.318           18      315         73395
   316        73628            238        6.677         73648            237        4.064           20      316         73628
   317        73866            241        5.706         73885            241        2.402           19      317         73866
   318        74107            235        4.728         74126            235        1.563           19      318         74107
   319        74342            236        6.554         74361            238        3.805           19      319         74342
   320        74578            235        8.009         74599            235        6.731           21      320         74578
   321        74813            242        8.558         74834            242        7.939           21      321         74813
   322        75055            234        9.027         75076            233        8.774           21      322         75055
   323        75289            232        9.716         75309            234        8.939           20      323         75289
   324        75521            231        9.187         75543            230        9.482           22      324         75521
   325        75752            233        9.269         75773            233        9.214           21      325         75752
   326        75985            232        9.088         76006            232        8.917           21      326         75985
   327        76217            233        9.365         76238            233        8.997           21      327         76217
   328        76450            233        9.043         76471            233        8.603           21      328         76450
   329        76683            231        8.841         76704            231        8.870           21      329         76683
   330        76914            225        9.327         76935            224        9.746           21      330         76914
   331        77139            238        9.937         77159            238        9.920           20      331         77139
   332        77377            236       10.159         77397            237       10.185           20      332         77377
   333        77613            235        9.487         77634            234        9.321           21      333         77613
   334        77848            226        9.425         77868            226        9.704           20      334         77848
   335        78074            233        9.018         78094            235        8.611           20      335         78074
   336        78307            233        9.559         78329            232        9.731           22      336         78307
   337        78540            242       10.347         78561            241       10.316           21      337         78540
   338        78782            241        9.409         78802            242        8.984           20      338         78782
   339        79023            231        9.295         79044            231        9.502           21      339         79023
   340        79254            227        8.995         79275            227        8.679           21      340         79254
   341        79481            239        9.412         79502            238        9.773           21      341         79481
   342        79720            241       10.389         79740            241       10.524           20      342         79720
   343        79961            234       10.049         79981            235        9.761           20      343         79961
   344        80195            228        9.950         80216            228       10.188           21      344         80195
   345        80423            233        9.519         80444            233       10.039           21      345         80423
   346        80656            234        9.033         80677            231        8.945           21      346         80656
   347        80890            235        9.366         80908            237        9.497           18      347         80890
   348        81125            237       10.076         81145            237       10.324           20      348         81125
   349        81362            233       10.115         81382            232       10.130           20      349         81362
   350        81595            229        9.536         81614            229        9.359           19      350         81595
   351        81824            231        9.302         81843            233        9.673           19      351         81824
   352        82055            238        9.563         82076            238        9.587           21      352         82055
   353        82293            237       10.418         82314            233       10.125           21      353         82293
   354        82530            234        9.806         82547            238        9.994           17      354         82530
   355        82764            233        9.640         82785            231        9.639           21      355         82764
   356        82997            237        9.136         83016            239        8.700           19      356         82997
   357        83234            230        9.418         83255            230        9.247           21      357         83234
   358        83464            237        9.276         83485            237        8.964           21      358         83464
   359        83701            241        9.432         83722            241        9.359           21      359         83701
   360        83942            235       10.136         83963            234       10.207           21      360         83942
   361        84177            229        9.625         84197            230        9.391           20      361         84177
   362        84406            237        9.355         84427            237        8.837           21      362         84406
   363        84643            242        9.957         84664            240        8.518           21      363         84643
   364        84885            234        8.248         84904            236        9.144           19      364         84885
   365        85119            226        8.379         85140            226        8.929           21      365         85119
   366        85345            232        9.160         85366            232        8.541           21      366         85345
   367        85577            232        9.836         85598            232        9.215           21      367         85577
   368        85809            237        9.774         85830            236        9.616           21      368         85809
   369        86046            242       10.107         86066            242       10.094           20      369         86046
   370        86288            231       10.009         86308            232       10.339           20      370         86288
   371        86519            233        9.932         86540            232       10.237           21      371         86519
   372        86752            239        9.604         86772            239        9.569           20      372         86752
   373        86991            248        9.437         87011            246        9.072           20      373         86991
   374        87239            241        9.551         87257            244        9.311           18      374         87239
   375        87480            232       10.246         87501            231       10.043           21      375         87480
   376        87712            236       10.129         87732            233        9.986           20      376         87712
   377        87948            239        9.214         87965            242        8.966           17      377         87948
   378        88187            244        8.657         88207            245        8.421           20      378         88187
   379        88431            244        9.170         88452            242        9.064           21      379         88431
   380        88675            235        9.922         88694            233        9.721           19      380         88675
   381        88910            235        9.573         88927            239        9.009           17      381         88910
   382        89145            239        9.829         89166            239        9.759           21      382         89145
   383        89384            247        9.499         89405            238        9.738           21      383         89384
   384        89631            237        9.951         89643            246        9.896           12      384         89631
   385        89868            234       10.329         89889            233       10.092           21      385         89868
   386        90102            238       10.129         90122            238       10.239           20      386         90102
   387        90340            240        9.904         90360            241        9.950           20      387         90340
   388        90580            243        9.235         90601            242        9.509           21      388         90580
   389        90823            245        9.176         90843            246        8.742           20      389         90823
   390        91068            238        9.845         91089            238        9.757           21      390         91068
   391        91306            240       10.218         91327            239       10.204           21      391         91306
   392        91546            239        9.773         91566            236        9.417           20      392         91546
   393        91785            252        9.592         91802            254        9.421           17      393         91785
   394        92037            237        8.992         92056            239        7.947           19      394         92036
   395        92274            236        9.317         92295            236        8.635           21      395         92274
   396        92510            238        9.752         92531            236        9.547           21      396         92510
   397        92748            240        9.612         92767            242        9.411           19      397         92748
   398        92988            240        9.054         93009            237        8.656           21      398         92988
   399        93228            242        8.909         93246            244        8.789           18      399         93227
   400        93470            235        9.934         93490            235        9.193           20      400         93470
   401        93705            235       10.339         93725            235       10.416           20      401         93705
   402        93940            235        9.694         93960            235        9.594           20      402         93940
   403        94175            247        9.571         94195            247        9.170           20      403         94175
   404        94422            239        9.701         94442            240        9.287           20      404         94422
   405        94661            234        9.762         94682            233        9.799           21      405         94661
   406        94895            234        9.977         94915            235       10.307           20      406         94895
   407        95129            240       10.492         95150            239       10.901           21      407         95129
   408        95369            239       10.369         95389            239       10.619           20      408         95369
   409        95608            241       10.298         95628            240       10.535           20      409         95608
   410        95849            240        9.981         95868            242        9.808           19      410         95849
   411        96089            235        9.621         96110            233        9.446           21      411         96089
   412        96324            233        9.622         96343            235        9.577           19      412         96324
   413        96557            240        9.769         96578            240        9.895           21      413         96557
   414        96797            238        9.930         96818            238        9.428           21      414         96797
   415        97035            231        9.052         97056            231        8.848           21      415         97035
   416        97266            228       10.056         97287            228        9.803           21      416         97266
   417        97494            233        9.702         97515            231        9.385           21      417         97494
   418        97727            227       10.003         97746            228        9.909           19      418         97727
   419        97954            230       10.048         97974            231       10.136           20      419         97954
   420        98184            233        9.596         98205            233        9.476           21      420         98184
   421        98417            226        9.622         98438            227        9.542           21      421         98417
   422        98643            224        9.903         98665            223       10.069           22      422         98643
   423        98867            229       10.323         98888            229       10.619           21      423         98867
   424        99096            236       10.416         99117            235       10.420           21      424         99096
   425        99332         -99332       10.759         99352         -99352       10.890           20      425         99332
 RMAX =       1.000   Factor d'escala senyal
 PA_RMAX =  221959.500   Factor d'escala senyal    passa_alt
 PB_RMAX =     291.804   Factor d'escala senyal    passa_baix
